9780385537858
9780439554930
9780061120084
9781416524793
9780743273565
9780439023481
9780062024039
9781594480003
9780525478812
9780618260300
9780451524935
9780452284241
9780553296983
9780316769174
9780307269751
9780439023498
9780439655484
9780439023511
9780439358071
9780316166683
9780618346257
9780439139601
9780439064866
9780307277671
9780545010221
9780439785969
9780140283334
9780307588364
9780399155345
9780142000670
9780739326220
9780061122415
9780385732550
9780060764890
9780553588484
9780143038412
9780451529305
9780786838653
9780553816716
9781565125605
9780375831003
9780307347978
9780316160193
9780060513030
9781416914280
9780316160209
9780375826696
9780345391803
9780060929879
9780316067928
9780142001745
9780142437179
9780064410939
9781400032716
9780679879244
9780393978896
9780743454537
9780385333849
9780446675536
9780671027346
9780812550702
9780141439471
9780450040184
9781594489501
9780316068048
9780142402511
9780140280098
9780141439662
9780439244190
9780307275554
9780143039952
9780156012195
9780743247542
9780385486804
9780141439600
9780060256654
9780307348135
9780385338608
9780374500016
9780142414934
9780140385724
9780385737944
9780517189603
9780060531041
9780375751516
9780345803504
9780393970128
9780307269980
9781612130583
9780060786502
9780349113913
9780140449266
9780307265432
9780446693806
9780440241416
9780451525260
9780143037149
9780670026609
9780553381696
9780684833392
9780751529814
9780312422158
9780143039563
9780143038092
9780440498056
9780385490818
9780060987107
9780582418271
9780385729338
9780316098335
9780521618748
9780340839935
9780316346627
9781451648539
9780451163967
9780684830490
9780142000663
9781401308582
9780451528827
9781416914303
9780440242949
9780553573428
9780142437261
9780060759957
9781594744761
9780307269997
9780804139021
9780451207142
9781400064168
9780316055437
9780452287020
9780312353766
9780525421030
9780786856862
9780446528054
9781416914297
9780743477109
9781595141712
9780312321185
9780618346264
9780394800165
9780142403884
9781423101468
9780192833594
9780345339737
9781423113393
9780525423645
9780747263746
9780553582024
9780385199575
9780446547567
9780552151696
9780141439587
9780345803924
9780393312836
9780964729230
9780739380338
9780061148514
9780143058144
9780553208849
9780679745587
9780141301068
9780385534635
9781416975861
9780689865381
9780743227445
9780618640157
9780307592736
9780930289232
9780756404079
9780316017923
9780142437247
9780671727796
9780441008537
9780739461198
9780393327342
9780312330873
9780385504225