0385537859
0439554934
0061120081
1416524797
0743273567
0439023483
0062024035
1594480001
0525478817
0618260307
0451524934
0452284244
0316769177
0553296981
0307269752
0439023491
043965548X
0439023513
0439358078
0316166685
0618346252
0439139600
0439064864
0545010225
0307277674
0439785960
0140283331
030758836X
0399155341
0142000671
0739326228
0061122416
0385732554
0060764899
0553588486
0143038419
0451529308
0786838655
0553816713
1565125606
0375831002
0307347974
0316160199
0060513039
1416914285
0316160202
0375826696
0345391802
0060929871
031606792X
0142001740
0142437174
0064410935
1400032717
0679879242
0393978893
0743454537
0385333846
0446675539
0671027344
0812550706
0141439475
0450040186
1594489505
0316068047
0142402516
014028009X
0141439661
0439244196
0307275558
0143039954
0156012197
074324754X
0385486804
0141439602
030734813X
0060256656
0385338600
0374500010
014241493X
014038572X
0385737947
0517189607
0060531045
0375751513
0345803507
0393970124
0307269981
1612130585
0060786507
0349113912
0140449264
0307265439
0446693804
0440241413
0451525264
0143037145
0670026603
0553381695
0684833395
0751529818
0312422156
0143039563
0143038095
0440498058
038549081X
0060987103
0582418275
0385729332
0316098337
0521618746
0340839937
0316346624
1451648537
0451163966
0684830493
0142000663
1401308589
0451528824
1416914307
0440242940
055357342X
0142437263
006075995X
1594744769
030726999X
0804139024
0451207149
1400064163
0316055433
0452287022
0525421033
0312353766
0786856866
0446528056
1416914293
0743477103
1595141715
031232118X
0618346260
0394800168
0142403881
1423101464
0192833596
0345339738
142311339X
0525423648
0747263744
055358202X
0385199570
0446547565
0552151696
0141439580
0345803922
0393312836
0964729237
0739380338
0061148512
0143058142
0553208845
0679745580
0141301066
0385534639
1416975861
0689865384
0743227441
0618640150
0307592731
0930289234
075640407X
0316017922
0142437247
0441008534
0671727796
0739461192
0393327345
0312330871
0385504225